Strong scaling 256**3   step=500


GNU

GPU     NODES                           Norm            Theor           Eff
------------------------------------------------------------------------------
1       1       49.54626387             1               1               1
2       1       30.59448075             0.6174          0.5             0.8098
4       1       17.7847945              0.3589          0.25            0.69657
8       2       9.332906137             0.1883          0.125           0.6638
16      4       4.873338654             0.098           0.0625          0.6377
32      8       2.69124263              0.054           0.03125         0.5787

